0, 1;
1, 2;
2, 1;
3, 2;
4, 3;
5, 2;
6, 3;
7, 1;
8, 2;
9, 1;
10, 3;
11, 2;
12, 1;
13, 3;
14, 1;
15, 2;
16, 3;
17, 1;
18, 2;
19, 3;
20, 1;
21, 2;
22, 1;
23, 2;
24, 3;
25, 1;
26, 2;
27, 1;
28, travelStart bang;
29, capture 0;
30, capture 1;
31, capture 2;
32, capture 3;
33, capture 4;
34, capture 5;
35, capture 6;
36, capture 7;
37, capture 8;
38, capture 9;
39, capture 10;
40, filter 2;
41, movementstart 1;
42, movementstart 0;
43, 3;
44, 2;
45, 3;
46, 2;
47, 3;
48, 2;
49, 3;
50, 2;
51, 3;
52, 2;
53, 3;
54, 2;
55, 3;
56, 2;
57, 3;
58, 2;
59, 3;
60, 2;
61, 3;
62, 2;
63, 3;
64, 2;
65, 3;
66, 2;
67, 3;
68, 2;
69, 3;
70, 2;
71, 3;
72, fadefilter bang;
73, 3;
74, 2;
75, 3;
76, 2;
77, 3;
78, 2;
79, 3;
80, 2;
81, 3;
82, 2;
83, 3;
84, 2;
85, 3;
86, 2;
87, 3;
88, 2;
89, 3;
90, 2;
91, 3;
92, 2;
93, 3;
94, 2;
95, 3;
96, 2;
97, 3;
98, 2;
99, 3;
100, 2;
101, 3;
102, 2;
103, 3;



